[C] image pixels compressed size: 2176 bytes
[C] image mask raw size: 2848; compressed: 22 bytes
[C] JSON({"width" : 3909,"height" : 5,"depth" : 0,"polarisation" : 0,"filesize" : 169920,"BITPIX" : -64,"IGNRVAL" : -1000000015047466219876688855040,"is_optical" : true,"is_spectrum" : false,"CD1_1" : 0.00010000000000000000479217360238593,"CD1_2" : null,"CD2_1" : null,"CD2_2" : null,"CRVAL1" : 3.5682000000000000383693077310454,"CDELT1" : null,"CRPIX1" : 1,"CUNIT1" : "","CTYPE1" : "LINEAR","CRVAL2" : null,"CDELT2" : null,"CRPIX2" : null,"CUNIT2" : "","CTYPE2" : "","CRVAL3" : null,"CDELT3" : null,"CRPIX3" : null,"CUNIT3" : "","CTYPE3" : "","BINFCT1" : 1,"BINFCT2" : 1,"BMAJ" : null,"BMIN" : null,"BPA" : null,"BUNIT" : "","BTYPE" : "","SPECSYS" : "","RESTFRQ" : 0,"OBSRA" : null,"OBSDEC" : null,"RA" : "176.143278","DEC" : "40.444818","RADESYS" : "FK5","OBJECT" : "","DATEOBS" : "2014-04-03T15:14:09.88","TIMESYS" : "","LINE" : "","FILTER" : "","histogram" : [2493,0,0,0,0,0,0,0,0,0,0,0,0,0,0,0,0,0,0,0,0,0,0,0,0,0,0,0,0,0,0,0,0,0,0,0,0,0,0,0,0,0,0,0,0,0,0,0,0,0,0,0,0,0,0,0,0,0,0,0,0,0,0,0,0,0,0,0,0,0,0,0,0,0,0,0,0,0,0,0,0,0,0,0,0,0,0,0,0,0,0,0,0,0,0,0,0,0,0,0,0,0,0,0,0,0,0,0,0,0,0,0,0,0,0,0,0,0,0,0,0,0,0,0,0,0,0,0,0,0,0,0,0,0,0,0,0,0,0,0,0,0,0,0,0,0,0,0,0,0,0,0,0,0,0,0,0,0,0,0,0,0,0,0,0,0,0,0,0,0,0,0,0,0,0,0,0,0,0,0,0,0,0,0,0,0,0,0,0,0,0,0,0,0,0,0,0,0,0,0,0,0,0,0,0,0,0,0,0,0,0,0,0,0,0,0,0,0,0,0,0,0,0,0,0,0,0,0,0,0,0,0,0,0,0,0,0,0,0,0,0,0,0,0,0,0,0,0,0,0,0,0,0,0,0,0,0,0,0,0,0,0,0,0,0,0,0,0,0,0,0,0,0,0,0,0,0,0,0,0,0,0,0,0,0,0,0,0,0,0,0,0,0,0,0,0,0,0,0,0,0,0,0,0,0,0,0,0,0,0,0,0,0,0,0,0,0,0,0,0,0,0,0,0,0,0,0,0,0,0,0,0,0,0,0,0,0,0,0,0,0,0,0,0,0,0,0,0,0,0,0,0,0,0,0,0,0,0,0,0,0,0,0,0,0,0,0,0,0,0,0,0,0,0,0,0,0,0,0,0,0,0,0,0,0,0,0,0,0,0,0,0,0,0,0,0,0,0,0,0,0,0,0,0,0,0,0,0,0,0,0,0,0,0,0,0,0,0,0,0,0,0,0,0,0,0,0,0,0,0,0,0,0,0,0,0,0,0,0,0,0,0,0,0,0,0,0,0,0,0,0,0,0,0,0,0,0,0,0,0,0,0,0,0,0,0,0,0,0,0,0,0,0,0,0,0,0,0,0,0,0,0,0,0,0,0,0,0,0,0,0,0,0,0,0,0,0,0,0,0,0,0,0,0,0,0,0,0,0,0,0,0,0,0,0,0,0,0,0,0,0,0,0,0,0,0,0,0,0,0,0,0,0,0,0,0,0,0,0,0,0,0,0,0,0,0,0,0,0,0,0,0,0,0,0,0,0,0,0,0,0,0,0,0,0,0,0,0,0,0,0,0,0,0,0,0,0,0,0,0,0,0,0,0,0,0,0,0,0,0,0,0,0,0,0,0,0,0,0,0,0,0,0,0,0,0,0,0,0,0,0,0,0,0,0,0,0,0,0,0,0,0,0,0,0,0,0,0,0,0,0,0,0,0,0,0,0,0,0,0,0,0,0,0,0,0,0,0,0,0,0,0,0,0,0,0,0,0,0,0,0,0,0,0,0,0,0,0,0,0,0,0,0,0,0,0,0,0,0,0,0,0,0,0,0,0,0,0,0,0,0,0,0,0,0,0,0,0,0,0,0,0,0,0,0,0,0,0,0,0,0,0,0,0,0,0,0,0,0,0,0,0,0,0,0,0,0,0,0,0,0,0,0,0,0,0,0,0,0,0,0,0,0,0,0,0,0,0,0,0,0,0,0,0,0,0,0,0,0,0,0,0,0,0,0,0,0,0,0,0,0,0,0,0,0,0,0,0,0,0,0,0,0,0,0,0,0,0,0,0,0,0,0,0,0,0,0,0,0,0,0,0,0,0,0,0,0,0,0,0,0,0,0,0,0,0,0,0,0,0,0,0,0,0,0,0,0,0,0,0,0,0,0,0,0,0,0,0,0,0,0,0,0,0,0,0,0,0,0,0,0,0,0,0,0,0,0,0,0,0,0,0,0,0,0,0,0,0,0,0,0,0,0,0,0,0,0,0,0,0,0,0,0,0,0,0,0,0,0,0,0,0,0,0,0,0,0,0,0,0,0,0,0,0,0,0,0,0,0,0,0,0,0,0,0,0,0,0,0,0,0,0,0,0,0,0,0,0,0,0,0,0,0,0,0,0,0,0,0,0,0,0,0,0,0,0,0,0,0,0,0,0,0,0,0,0,0,0,0,0,0,0,0,0,0,0,0,0,0,0,0,0,0,0,0,0,0,0,0,0,0,0,0,0,0,0,0,0,0,0,0,0,0,0,0,0,0,0,0,0,0,0,0,0,0,0,0,0,0,0,0,0,0,0,0,0,0,0,0,0,0,0,0,355]})
[C] HEADER length: 2909; compressed: 571 bytes
 FITS header size:        9841
[C] HEADER length: 9841; compressed: 3648 bytes
 calling image_spectrum_request subroutine
[C] ws_event_loop::wakeup.
[C] ws_event_loop::got a request id 2.
[C] WebSocket received a close frame
[C] ws_send_messages terminated.
[C] removed 57a948c2-ae5c-4efd-85fe-a57d10edede5 from the hash table
[C] deleting a session for spec-56751-HD115603N403851V01_sp10-131/57a948c2-ae5c-4efd-85fe-a57d10edede5
[C] ws_event_loop terminated.
[C] video_event_loop terminated.
[C] pv_event_loop terminated.
 spec-56751-HD115603N403851V01_sp10-131: dataset has            1  reference(s), not deleting it.
 PIPE-1.0_1d_nrmwec_fsclmo_HDSA00141935: dataset has been in error state for more than 60 seconds. Removing it.
[C] marking PIPE-1.0_1d_nrmwec_fsclmo_HDSA00141935 for garbage collection.
 PIPE-1.0_1d_nrmwec_fsclmo_HDSA00141935: dataset has been in error state for more than 60 seconds. Removing it.
 PIPE-1.0_1d_nrmwec_fsclmo_HDSA00141935: dataset cannot be cached, destroying it.
 PIPE-1.0_1d_nrmwec_fsclmo_HDSA00141935: closing the FITS file unit:         269
[C] aborting http_propagate_timeout (no cluster nodes found)
make: *** [Makefile:312: run] Segmentation fault (core dumped)
