libmicrohttpd:

statistics task completed, #responses: 571731[ALMA01575449::WS] closed
, total_time: [ALMA01047077::WS] closed4.50708168e8 [ms]

[ALMA01003454::WS] closedaverage response time:
788.3220745420487 [ms]
histogram: edges: [0.0, 10.0, 20.0, 30.0, 40.0, 50.0, 60.0, 70.0, 80.0, 90.0, 100.0, 110.0, 120.0, 130.0, 140.0, 150.0, 160.0, 170.0, 180.0, 190.0, 200.0, 210.0, 220.0, 230.0, 240.0, 250.0, 260.0, 270.0, 280.0, 290.0, 300.0, 310.0, 320.0, 330.0, 340.0, 350.0, 360.0, 370.0, 380.0, 390.0, 400.0, 410.0, 420.0, 430.0, 440.0, 450.0, 460.0, 470.0, 480.0, 490.0, 500.0, 510.0, 520.0, 530.0, 540.0, 550.0, 560.0, 570.0, 580.0, 590.0, 600.0, 610.0, 620.0, 630.0, 640.0, 650.0, 660.0, 670.0, 680.0, 690.0, 700.0, 710.0, 720.0, 730.0, 740.0, 750.0, 760.0, 770.0, 780.0, 790.0, 800.0, 810.0, 820.0, 830.0, 840.0, 850.0, 860.0, 870.0, 880.0, 890.0, 900.0, 910.0, 920.0, 930.0, 940.0, 950.0, 960.0, 970.0, 980.0, 990.0, 1000.0, 1010.0, 1020.0, 1030.0, 1040.0, 1050.0, 1060.0, 1070.0, 1080.0, 1090.0, 1100.0, 1110.0, 1120.0, 1130.0, 1140.0, 1150.0, 1160.0, 1170.0, 1180.0, 1190.0, 1200.0, 1210.0, 1220.0, 1230.0, 1240.0, 1250.0, 1260.0, 1270.0, 1280.0, 1290.0, 1300.0, 1310.0, 1320.0, 1330.0, 1340.0, 1350.0, 1360.0, 1370.0, 1380.0, 1390.0, 1400.0, 1410.0, 1420.0, 1430.0, 1440.0, 1450.0, 1460.0, 1470.0, 1480.0, 1490.0, 1500.0, 1510.0, 1520.0, 1530.0, 1540.0, 1550.0, 1560.0, 1570.0, 1580.0, 1590.0, 1600.0, 1610.0, 1620.0, 1630.0, 1640.0, 1650.0, 1660.0, 1670.0, 1680.0, 1690.0, 1700.0, 1710.0, 1720.0, 1730.0, 1740.0, 1750.0, 1760.0, 1770.0, 1780.0, 1790.0, 1800.0, 1810.0, 1820.0, 1830.0, 1840.0, 1850.0, 1860.0, 1870.0, 1880.0, 1890.0, 1900.0, 1910.0, 1920.0, 1930.0, 1940.0, 1950.0, 1960.0, 1970.0, 1980.0, 1990.0, 2000.0]
bin counts: [14.0, 4459.0, 10934.0, 14037.0, 16345.0, 22427.0, 22378.0, 19846.0, 18373.0, 19614.0, 18907.0, 16271.0, 14243.0, 13177.0, 12995.0, 11523.0, 9710.0, 8766.0, 8518.0, 7915.0, 6744.0, 6259.0, 5684.0, 5278.0, 4966.0, 4543.0, 4292.0, 4107.0, 4024.0, 3654.0, 3389.0, 3429.0, 3306.0, 3145.0, 2942.0, 2777.0, 2803.0, 2737.0, 2575.0, 2527.0, 2480.0, 2339.0, 2395.0, 2242.0, 2196.0, 2080.0, 2083.0, 2045.0, 1964.0, 1895.0, 1957.0, 1861.0, 1906.0, 1818.0, 1715.0, 1767.0, 1720.0, 1691.0, 1590.0, 1661.0, 1643.0, 1582.0, 1596.0, 1517.0, 1549.0, 1541.0, 1457.0, 1457.0, 1545.0, 1368.0, 1461.0, 1406.0, 1440.0, 1444.0, 1345.0, 1382.0, 1373.0, 1362.0, 1362.0, 1308.0, 1366.0, 1357.0, 1329.0, 1315.0, 1233.0, 1302.0, 1251.0, 1251.0, 1250.0, 1195.0, 1254.0, 1157.0, 1206.0, 1239.0, 1158.0, 1190.0, 1204.0, 1207.0, 1213.0, 1172.0, 1136.0, 1191.0, 1176.0, 1160.0, 1154.0, 1149.0, 1149.0, 1157.0, 1065.0, 1133.0, 1093.0, 1082.0, 1113.0, 1110.0, 1079.0, 1043.0, 1048.0, 1032.0, 1052.0, 1088.0, 1078.0, 1057.0, 1042.0, 1040.0, 993.0, 1003.0, 979.0, 982.0, 954.0, 991.0, 919.0, 978.0, 948.0, 951.0, 967.0, 923.0, 889.0, 935.0, 923.0, 875.0, 931.0, 900.0, 874.0, 933.0, 901.0, 832.0, 899.0, 831.0, 845.0, 867.0, 881.0, 831.0, 851.0, 897.0, 825.0, 802.0, 861.0, 810.0, 810.0, 857.0, 839.0, 799.0, 777.0, 794.0, 825.0, 814.0, 795.0, 774.0, 777.0, 784.0, 810.0, 745.0, 700.0, 746.0, 781.0, 731.0, 727.0, 732.0, 711.0, 716.0, 692.0, 710.0, 671.0, 716.0, 710.0, 681.0, 655.0, 678.0, 672.0, 675.0, 660.0, 656.0, 644.0, 652.0, 661.0, 633.0, 647.0, 627.0, 624.0, 41790.0]
total count: 571731.0
mean: 559.3379141589314, std: 633.4861846991294, median: 219.25316678395495stress-test completed.

mongoose:

statistics task completed, #responses: 576604, total_time: 4.22434325e8 [ms]
average response time: 732.6246869602014 [ms]
histogram: edges: [0.0, 10.0, 20.0, 30.0, 40.0, 50.0, 60.0, 70.0, 80.0, 90.0, 100.0, 110.0, 120.0, 130.0, 140.0, 150.0, 160.0, 170.0, 180.0, 190.0, 200.0, 210.0, 220.0, 230.0, 240.0, 250.0, 260.0, 270.0, 280.0, 290.0, 300.0, 310.0, 320.0, 330.0, 340.0, 350.0, 360.0, 370.0, 380.0, 390.0, 400.0, 410.0, 420.0, 430.0, 440.0, 450.0, 460.0, 470.0, 480.0, 490.0, 500.0, 510.0, 520.0, 530.0, 540.0, 550.0, 560.0, 570.0, 580.0, 590.0, 600.0, 610.0, 620.0, 630.0, 640.0, 650.0, 660.0, 670.0, 680.0, 690.0, 700.0, 710.0, 720.0, 730.0, 740.0, 750.0, 760.0, 770.0, 780.0, 790.0, 800.0, 810.0, 820.0, 830.0, 840.0, 850.0, 860.0, 870.0, 880.0, 890.0, 900.0, 910.0, 920.0, 930.0, 940.0, 950.0, 960.0, 970.0, 980.0, 990.0, 1000.0, 1010.0, 1020.0, 1030.0, 1040.0, 1050.0, 1060.0, 1070.0, 1080.0, 1090.0, 1100.0, 1110.0, 1120.0, 1130.0, 1140.0, 1150.0, 1160.0, 1170.0, 1180.0, 1190.0, 1200.0, 1210.0, 1220.0, 1230.0, 1240.0, 1250.0, 1260.0, 1270.0, 1280.0, 1290.0, 1300.0, 1310.0, 1320.0, 1330.0, 1340.0, 1350.0, 1360.0, 1370.0, 1380.0, 1390.0, 1400.0, 1410.0, 1420.0, 1430.0, 1440.0, 1450.0, 1460.0, 1470.0, 1480.0, 1490.0, 1500.0, 1510.0, 1520.0, 1530.0, 1540.0, 1550.0, 1560.0, 1570.0, 1580.0, 1590.0, 1600.0, 1610.0, 1620.0, 1630.0, 1640.0, 1650.0, 1660.0, 1670.0, 1680.0, 1690.0, 1700.0, 1710.0, 1720.0, 1730.0, 1740.0, 1750.0, 1760.0, 1770.0, 1780.0, 1790.0, 1800.0, 1810.0, 1820.0, 1830.0, 1840.0, 1850.0, 1860.0, 1870.0, 1880.0, 1890.0, 1900.0, 1910.0, 1920.0, 1930.0, 1940.0, 1950.0, 1960.0, 1970.0, 1980.0, 1990.0, 2000.0]
bin counts: [29.0, 7648.0, 17767.0, 20815.0, 26482.0, 25240.0, 24401.0, 21367.0, 22025.0, 19053.0, 16792.0, 14894.0, 14109.0, 12340.0, 10828.0, 9619.0, 8851.0, 7842.0, 6917.0, 6307.0, 5746.0, 5292.0, 4705.0, 4255.0, 4074.0, 3668.0, 3470.0, 3314.0, 3170.0, 3229.0, 2941.0, 2766.0, 2952.0, 2773.0, 2507.0, 2447.0, 2439.0, 2494.0, 2208.0, 2293.0, 2246.0, 2163.0, 2107.0, 2026.0, 1971.0, 1797.0, 1837.0, 1883.0, 1778.0, 1755.0, 1842.0, 1714.0, 1719.0, 1702.0, 1696.0, 1628.0, 1660.0, 1640.0, 1572.0, 1670.0, 1554.0, 1563.0, 1567.0, 1521.0, 1412.0, 1519.0, 1412.0, 1464.0, 1403.0, 1412.0, 1354.0, 1395.0, 1351.0, 1374.0, 1343.0, 1391.0, 1379.0, 1373.0, 1338.0, 1386.0, 1367.0, 1348.0, 1365.0, 1352.0, 1296.0, 1323.0, 1290.0, 1301.0, 1313.0, 1203.0, 1290.0, 1278.0, 1266.0, 1290.0, 1310.0, 1209.0, 1235.0, 1251.0, 1195.0, 1241.0, 1199.0, 1149.0, 1204.0, 1136.0, 1156.0, 1201.0, 1172.0, 1178.0, 1120.0, 1173.0, 1112.0, 1130.0, 1059.0, 1121.0, 1074.0, 1075.0, 1069.0, 1128.0, 1027.0, 1021.0, 1098.0, 1030.0, 1008.0, 1080.0, 972.0, 1049.0, 1070.0, 1025.0, 1047.0, 1057.0, 966.0, 981.0, 1038.0, 990.0, 1034.0, 1011.0, 1026.0, 977.0, 985.0, 942.0, 948.0, 1013.0, 956.0, 972.0, 967.0, 947.0, 956.0, 898.0, 920.0, 974.0, 896.0, 955.0, 919.0, 859.0, 919.0, 945.0, 891.0, 883.0, 909.0, 830.0, 863.0, 872.0, 901.0, 831.0, 822.0, 874.0, 866.0, 838.0, 850.0, 826.0, 824.0, 800.0, 847.0, 764.0, 783.0, 729.0, 804.0, 751.0, 765.0, 840.0, 727.0, 688.0, 770.0, 755.0, 693.0, 693.0, 713.0, 659.0, 661.0, 715.0, 649.0, 682.0, 683.0, 678.0, 636.0, 612.0, 663.0, 599.0, 605.0, 35117.0]
total count: 576604.0
mean: 533.0201490104126, std: 625.1180775474588, median: 187.05723798953542stress-test completed.
