-21.44691153751046
9.075083995033264e6
395017.66552758217
552626.1402432919
2.689971507777691e6
1.6440249795475006e6
-2.820487726755142e6
-4.49584691605103e6
-6.478162028087616e6
1.2867250636615753e6
-3.294703931453705e6
2.179128414744973e6
-872920.395481348
-894142.7842441201
4.017136121723175e6
3.443707475291252e6
9.966069995893478e6
1.649348508687973e6
-575823.278835237
-6.10343605484724e6
22786.786170840263
180081.52472162247
1.8635894269275665e6
-1.0151733674431443e6
-7.347291333183289e6
1.5168606443843842e6
569187.22006917
-1.1830680495162249e7
-7.933141341212273e6
-1.2353911809101105e6
2.3382476199359894e6
7.035980429725647e6
2.326257864055395e6
-979926.0678195357
-256891.0574657917
-605813.0763318539
-6.163555818962097e6
9.835856400660515e6
6.704971034440279e6
-1.0809482749009132e7
7.15441244185853e6
-248052.03358197212
-2.2114805274250507e6
213576.64249169827
-483433.93073654175
1.4079483933262825e6
93567.09881591797
-630140.7531275749
-1.7822337217321396e6
224598.44505798817
678010.6812543869