-116.24897510694107
-294341.9756107483
32128.84472962006
-125862.03973077345
-68216.92728485257
-54264.36238674522
188849.27364119526
163756.68671348266
-493340.7841942372
-12922.43170743871
724007.7308123747
110620.39460223977
-312763.43891254556
57804.06344840819
-73481.15562747489
-557679.047024829
-236362.87269266316
-19216.31968347307
-204717.2107598445
-38022.57899076642
65050.308411405764
300863.5631868165
385181.1898128437
-875955.2567287887
185906.50009233115
146065.4826721665
627690.3255576347
27623.792056300877
15042.867542512357
302305.04052150686
38750.89530678402